data,D,R,A,D_in,R_in,A_in,D_in_next,R_in_next,A_in_next
2020-02-25T18:00:00,2,0,0,2,0,0,0,0,0
2020-02-26T18:00:00,2,0,0,0,0,0,1,0,0
2020-02-27T18:00:00,3,0,0,1,0,0,0,0,0
2020-02-28T18:00:00,3,0,0,0,0,0,6,0,0
2020-02-29T17:00:00,9,0,0,6,0,0,5,0,0
2020-03-01T17:00:00,14,0,0,5,0,0,4,0,0
2020-03-02T18:00:00,18,0,0,4,0,0,3,0,0
2020-03-03T18:00:00,21,0,0,3,0,0,8,0,0
2020-03-04T17:00:00,29,0,0,8,0,0,12,0,0
2020-03-05T17:00:00,41,0,0,12,0,0,14,0,0
2020-03-06T17:00:00,55,0,0,14,0,0,24,0,0
2020-03-07T18:00:00,79,0,0,24,0,0,25,0,0
2020-03-08T18:00:00,104,0,0,25,0,0,25,2,0
2020-03-09T18:00:00,129,2,0,25,2,0,49,2,0
2020-03-10T18:00:00,178,4,0,49,2,0,64,0,0
2020-03-11T17:00:00,242,4,0,64,0,0,55,0,1
2020-03-12T17:00:00,297,4,1,55,0,1,200,2,0
2020-03-13T17:00:00,497,6,1,200,2,0,151,0,0
2020-03-14T17:00:00,648,6,1,151,0,0,205,0,0
2020-03-15T17:00:00,853,6,1,205,0,0,156,0,2
2020-03-16T17:00:00,1009,6,3,156,0,2,319,-5,0
2020-03-17T17:00:00,1328,1,3,319,-5,0,305,8,1
2020-03-18T17:00:00,1633,9,4,305,8,1,365,0,2
2020-03-19T17:00:00,1998,9,6,365,0,2,375,0,0
2020-03-20T17:00:00,2373,9,6,375,0,0,424,0,2
2020-03-21T17:00:00,2797,9,8,424,0,2,760,0,8
2020-03-22T17:00:00,3557,9,16,760,0,8,887,0,5
2020-03-23T17:00:00,4444,9,21,887,0,5,802,0,7
2020-03-24T17:00:00,5246,9,28,802,0,7,303,0,2
2020-03-25T17:00:00,5549,9,30,303,0,2,1199,103,19
2020-03-26T17:00:00,6748,112,49,1199,103,19,626,113,9
2020-03-27T17:00:00,7374,225,58,626,113,9,604,0,10
2020-03-28T17:00:00,7978,225,68,604,0,10,245,254,18
2020-03-29T17:00:00,8223,479,86,245,254,18,651,157,22
2020-03-30T17:00:00,8874,636,108,651,157,22,83,459,20
2020-03-31T17:00:00,8957,1095,128,83,459,20,172,341,18
2020-04-01T17:00:00,9129,1436,146,172,341,18,93,313,12
2020-04-02T17:00:00,9222,1749,158,93,313,12,112,273,10
2020-04-03T17:00:00,9334,2022,168,112,273,10,-246,485,18
2020-04-04T17:00:00,9088,2507,186,-246,485,18,-239,491,18
2020-04-05T17:00:00,8849,2998,204,-239,491,18,-235,465,16
2020-04-06T17:00:00,8614,3463,220,-235,465,16,-264,583,23
2020-04-07T17:00:00,8350,4046,243,-264,583,23,-193,466,30
2020-04-08T17:00:00,8157,4512,273,-193,466,30,-448,728,22
2020-04-09T17:00:01,7709,5240,295,-448,728,22,-537,824,24
2020-04-10T17:00:02,7172,6064,319,-537,824,24,-307,540,18
2020-04-11T17:00:03,6865,6604,337,-307,540,18,-257,383,13
2020-04-12T17:00:04,6608,6987,350,-257,383,13,-278,356,18
2020-04-13T17:00:05,6330,7343,368,-278,356,18,-121,290,16
2020-04-14T17:00:06,6209,7633,384,-121,290,16,-364,465,9
2020-04-15T17:00:07,5845,8098,393,-364,465,9,-765,888,17
2020-04-16T17:00:08,5080,8986,410,-765,888,17,-620,718,21
2020-04-17T17:00:09,4460,9704,431,-620,718,21,-446,510,12
2020-04-18T17:00:10,4014,10214,443,-446,510,12,-218,287,9
2020-04-19T17:00:11,3796,10501,452,-218,287,9,-102,130,18
2020-04-20T17:00:12,3694,10631,470,-102,130,18,-283,340,21
2020-04-21T17:00:13,3411,10971,491,-283,340,21,-324,357,19
2020-04-22T17:00:14,3087,11328,510,-324,357,19,-301,366,12
2020-04-23T17:00:15,2786,11694,522,-301,366,12,-117,178,8
2020-04-24T17:00:16,2669,11872,530,-117,178,8,-160,231,6
2020-04-25T17:00:17,2509,12103,536,-160,231,6,-108,179,6
2020-04-26T17:00:18,2401,12282,542,-108,179,6,-38,80,7
2020-04-27T17:00:19,2363,12362,549,-38,80,7,-155,218,20
2020-04-28T17:00:20,2208,12580,569,-155,218,20,-165,199,11
2020-04-29T17:00:21,2043,12779,580,-165,199,11,-82,128,4
2020-04-30T17:00:22,1961,12907,584,-82,128,4,-129,203,5
2020-05-01T17:00:00,1832,13110,589,-129,203,5,-50,70,7
2020-05-02T17:00:00,1782,13180,596,-50,70,7,-11,48,2
2020-05-03T17:00:00,1771,13228,598,-11,48,2,-66,88,2
2020-05-04T17:00:00,1705,13316,600,-66,88,2,-123,146,6
2020-05-05T17:00:00,1582,13462,606,-123,146,6,-145,177,2
2020-05-06T17:00:00,1437,13639,608,-145,177,2,8,59,1
2020-05-07T17:00:00,1445,13698,609,8,59,1,-121,138,5
2020-05-08T17:00:00,1324,13836,614,-121,138,5,-34,92,1
2020-05-09T17:00:01,1290,13928,615,-34,92,1,-28,63,3
2020-05-10T17:00:02,1262,13991,618,-28,63,3,-61,70,2
2020-05-11T17:00:03,1201,14061,620,-61,70,2,-11,87,3
2020-05-12T17:00:04,1190,14148,623,-11,87,3,-121,156,1
2020-05-13T17:00:05,1069,14304,624,-121,156,1,-42,101,2
2020-05-14T17:00:06,1027,14405,626,-42,101,2,-17,66,2
2020-05-15T17:00:07,1010,14471,628,-17,66,2,38,53,1
2020-05-16T17:00:08,1048,14524,629,38,53,1,2,39,0
2020-05-17T17:00:09,1050,14563,629,2,39,0,-24,51,0
2020-05-18T17:00:10,1026,14614,629,-24,51,0,-15,64,3
2020-05-19T17:00:11,1011,14678,632,-15,64,3,-173,204,1
2020-05-20T17:00:12,838,14882,633,-173,204,1,-18,69,0
2020-05-21T17:00:13,820,14951,633,-18,69,0,-24,54,2
2020-05-22T17:00:14,796,15005,635,-24,54,2,14,32,4
2020-05-23T17:00:15,810,15037,639,14,32,4,-10,26,1
2020-05-24T17:00:16,800,15063,640,-10,26,1,-40,75,1
2020-05-25T17:00:17,760,15138,641,-40,75,1,-28,44,2
2020-05-26T17:00:18,732,15182,643,-28,44,2,-14,46,2
2020-05-27T17:00:19,718,15228,645,-14,46,2,-44,58,23
2020-05-28T17:00:20,674,15286,668,-44,58,23,-34,61,0
2020-05-29T17:00:21,640,15347,668,-34,61,0,-143,173,0
2020-05-30T17:00:22,497,15520,668,-143,173,0,-27,73,0
2020-05-31T17:00:23,470,15593,668,-27,73,0,-1,3,0
2020-06-01T17:00:24,469,15596,668,-1,3,0,-8,33,1
2020-06-02T17:00:25,461,15629,669,-8,33,1,-32,43,1
2020-06-03T17:00:26,429,15672,670,-32,43,1,-11,45,0
2020-06-04T17:00:27,418,15717,670,-11,45,0,11,25,2
2020-06-05T17:00:28,429,15742,672,11,25,2,8,47,0
2020-06-06T17:00:29,437,15789,672,8,47,0,0,4,0
2020-06-07T17:00:30,437,15793,672,0,4,0,20,46,0
2020-06-08T17:00:31,457,15839,672,20,46,0,-25,36,0
2020-06-09T17:00:32,432,15875,672,-25,36,0,-10,35,1
2020-06-10T17:00:33,422,15910,673,-10,35,1,-11,39,1
2020-06-11T17:00:34,411,15949,674,-11,39,1,-7,36,1
2020-06-12T17:00:35,404,15985,675,-7,36,1,-15,27,2
2020-06-13T17:00:36,389,16012,677,-15,27,2,-16,47,0
2020-06-14T17:00:37,373,16059,677,-16,47,0,18,7,1
2020-06-15T17:00:38,391,16066,678,18,7,1,28,23,3
2020-06-16T17:00:39,419,16089,681,28,23,3,-2,10,6
2020-06-17T17:00:40,417,16099,687,-2,10,6,17,2,1
2020-06-18T17:00:41,434,16101,688,17,2,1,8,40,0
2020-06-19T17:00:42,442,16141,688,8,40,0,18,34,0
2020-06-20T17:00:43,460,16175,688,18,34,0,-6,22,2
2020-06-21T17:00:44,454,16197,690,-6,22,2,-5,44,0
2020-06-22T17:00:45,449,16241,690,-5,44,0,5,20,3
2020-06-23T17:00:46,454,16261,693,5,20,3,20,21,0
2020-06-24T17:00:47,474,16282,693,20,21,0,-15,38,5
2020-06-25T17:00:48,459,16320,698,-15,38,5,17,28,0
2020-06-26T17:00:49,476,16348,698,17,28,0,33,23,2
2020-06-27T17:00:50,509,16371,700,33,23,2,42,30,2
2020-06-28T17:00:51,551,16401,702,42,30,2,49,19,1
2020-06-29T17:00:52,600,16420,703,49,19,1,-17,58,2
2020-06-30T17:00:53,583,16478,705,-17,58,2,94,13,0
2020-07-01T17:00:24,677,16491,705,94,13,0,45,23,0
2020-07-02T17:00:25,722,16514,705,45,23,0,65,44,0
2020-07-03T17:00:26,787,16558,705,65,44,0,66,49,0
2020-07-04T17:00:27,853,16607,705,66,49,0,106,8,1
2020-07-05T17:00:28,959,16615,706,106,8,1,53,32,0
2020-07-06T17:00:29,1012,16647,706,53,32,0,17,39,0
2020-07-07T17:00:30,1029,16686,706,17,39,0,57,35,0
2020-07-08T17:00:31,1086,16721,706,57,35,0,65,37,0
2020-07-09T17:00:32,1151,16758,706,65,37,0,44,50,0
2020-07-10T17:00:33,1195,16808,706,44,50,0,18,56,0
2020-07-11T17:00:34,1213,16864,706,18,56,0,24,88,2
2020-07-12T17:00:35,1237,16952,708,24,88,2,3,48,0
2020-07-13T17:00:36,1240,17000,708,3,48,0,-1,73,1
2020-07-14T17:00:37,1239,17073,709,-1,73,1,30,102,1
2020-07-15T17:00:38,1269,17175,710,30,102,1,46,69,1
2020-07-16T17:00:39,1315,17244,711,46,69,1,78,91,0
2020-07-17T17:00:40,1393,17335,711,78,91,0,-32,166,0
2020-07-18T17:00:41,1361,17501,711,-32,166,0,-16,98,0
2020-07-19T17:00:42,1345,17599,711,-16,98,0,28,60,0
2020-07-20T17:00:43,1373,17659,711,28,60,0,28,57,-1
2020-07-21T17:00:44,1401,17716,710,28,57,-1,-32,133,1
2020-07-22T17:00:45,1369,17849,711,-32,133,1,76,94,0
2020-07-23T17:00:46,1445,17943,711,76,94,0,16,99,0
2020-07-24T17:00:47,1461,18042,711,16,99,0,41,82,1
2020-07-25T17:00:48,1502,18124,712,41,82,1,49,85,0
2020-07-26T17:00:49,1551,18209,712,49,85,0,48,37,1
2020-07-27T17:00:50,1599,18246,713,48,37,1,-14,133,0
2020-07-28T17:00:51,1585,18379,713,-14,133,0,21,149,3
2020-07-29T17:00:52,1606,18528,716,21,149,3,3,100,2
2020-07-30T17:00:53,1609,18628,718,3,100,2,45,130,0
2020-07-31T17:00:54,1654,18758,718,45,130,0,-71,153,0
2020-08-01T17:00:24,1583,18911,718,-71,153,0,19,73,0
2020-08-02T17:00:25,1602,18984,718,19,73,0,2,79,0
2020-08-03T17:00:26,1604,19063,718,2,79,0,-178,273,1
2020-08-04T17:00:27,1426,19336,719,-178,273,1,-43,128,0
2020-08-05T17:00:28,1383,19464,719,-43,128,0,-2,132,0
2020-08-06T17:00:29,1381,19596,719,-2,132,0,46,94,1
2020-08-07T17:00:30,1427,19690,720,46,94,1,-41,122,1
2020-08-08T17:00:31,1386,19812,721,-41,122,1,3,111,0
2020-08-09T17:00:32,1389,19923,721,3,111,0,-16,87,2
2020-08-10T17:00:33,1373,20010,723,-16,87,2,26,113,0
2020-08-11T17:00:34,1399,20123,723,26,113,0,48,145,1
2020-08-12T17:00:35,1447,20268,724,48,145,1,76,78,1
2020-08-13T17:00:36,1523,20346,725,76,78,1,129,153,0
2020-08-14T17:00:37,1652,20499,725,129,153,0,172,128,3
2020-08-15T17:00:38,1824,20627,728,172,128,3,137,54,0
2020-08-16T17:00:39,1961,20681,728,137,54,0,79,84,1
2020-08-17T17:00:40,2040,20765,729,79,84,1,190,105,0
2020-08-18T17:00:41,2230,20870,729,190,105,0,167,88,0
2020-08-19T17:00:42,2397,20958,729,167,88,0,212,135,0
2020-08-20T17:00:43,2609,21093,729,212,135,0,163,167,1
2020-08-21T17:00:44,2772,21260,730,163,167,1,152,146,2
2020-08-22T17:00:45,2924,21406,732,152,146,2,39,152,0
2020-08-23T17:00:46,2963,21558,732,39,152,0,142,99,1
2020-08-24T17:00:47,3105,21657,733,142,99,1,-20,231,0
2020-08-25T17:00:48,3085,21888,733,-20,231,0,70,257,0
2020-08-26T17:00:49,3155,22145,733,70,257,0,156,172,0
2020-08-27T17:00:50,3311,22317,733,156,172,0,-48,277,0
2020-08-28T17:00:51,3263,22594,733,-48,277,0,123,272,0
2020-08-29T17:00:52,3386,22866,733,123,272,0,-23,204,0
2020-08-30T17:00:53,3363,23070,733,-23,204,0,116,156,0
2020-08-31T17:00:54,3479,23226,733,116,156,0,-136,339,1
2020-09-01T17:00:24,3343,23565,734,-136,339,1,72,255,0
2020-09-02T17:00:25,3415,23820,734,72,255,0,51,351,1
2020-09-03T17:00:26,3466,24171,735,51,351,1,15,342,0
2020-09-04T17:00:27,3481,24513,735,15,342,0,43,315,0
2020-09-05T17:00:28,3524,24828,735,43,315,0,-32,215,1
2020-09-06T17:00:29,3492,25043,736,-32,215,1,23,257,10
2020-09-07T17:00:30,3515,25300,746,23,257,10,190,329,1
2020-09-08T17:00:31,3705,25629,747,190,329,1,367,135,0
2020-09-09T17:00:32,4072,25764,747,367,135,0,384,279,1
2020-09-10T17:00:33,4456,26043,748,384,279,1,364,214,2
2020-09-11T17:00:34,4820,26257,750,364,214,2,543,322,4
2020-09-12T17:00:35,5363,26579,754,543,322,4,280,181,2
2020-09-13T17:00:36,5643,26760,756,280,181,2,131,250,1
2020-09-14T17:00:37,5774,27010,757,131,250,1,420,344,0
2020-09-15T17:00:38,6194,27354,757,420,344,0,466,301,1
2020-09-16T17:00:39,6660,27655,758,466,301,1,391,389,0
2020-09-17T17:00:40,7051,28044,758,391,389,0,396,407,5
2020-09-18T17:00:41,7447,28451,763,396,407,5,301,510,2
2020-09-19T17:00:42,7748,28961,765,301,510,2,352,268,1
2020-09-20T17:00:43,8100,29229,766,352,268,1,275,287,1
2020-09-21T17:00:44,8375,29516,767,275,287,1,-155,796,4
2020-09-22T17:00:45,8220,30312,771,-155,796,4,38,637,6
2020-09-23T17:00:46,8258,30949,777,38,637,6,114,712,6
2020-09-24T17:00:47,8372,31661,783,114,712,6,41,640,3
2020-09-25T17:00:48,8413,32301,786,41,640,3,-140,853,1
2020-09-26T17:00:49,8273,33154,787,-140,853,1,227,435,0
2020-09-27T17:00:50,8500,33589,787,227,435,0,90,463,3
2020-09-28T17:00:51,8590,34052,790,90,463,3,-261,864,6
2020-09-29T17:00:52,8329,34916,796,-261,864,6,41,728,3
2020-09-30T17:00:53,8370,35644,799,41,728,3,38,832,3
