data,D,R,A,D_in,R_in,A_in,D_in_next,R_in_next,A_in_next
2020-02-25T18:00:00,311,1,10,90,0,3,127,2,2
2020-02-26T18:00:00,438,3,12,127,2,2,155,42,5
2020-02-27T18:00:00,593,45,17,155,42,5,228,1,4
2020-02-28T18:00:00,821,46,21,228,1,4,232,0,8
2020-02-29T17:00:00,1053,46,29,232,0,8,524,37,5
2020-03-01T17:00:00,1577,83,34,524,37,5,258,66,18
2020-03-02T18:00:00,1835,149,52,258,66,18,428,11,27
2020-03-03T18:00:00,2263,160,79,428,11,27,443,116,28
2020-03-04T17:00:00,2706,276,107,443,116,28,590,138,41
2020-03-05T17:00:00,3296,414,148,590,138,41,620,109,49
2020-03-06T17:00:00,3916,523,197,620,109,49,1145,66,36
2020-03-07T18:00:00,5061,589,233,1145,66,36,1326,33,133
2020-03-08T18:00:00,6387,622,366,1326,33,133,1598,102,97
2020-03-09T18:00:00,7985,724,463,1598,102,97,809,0,168
2020-03-10T18:00:00,8794,724,631,809,0,168,1796,321,196
2020-03-11T17:00:00,10590,1045,827,1796,321,196,2462,0,189
2020-03-12T17:00:00,13052,1045,1016,2462,0,189,1903,394,250
2020-03-13T17:00:00,14955,1439,1266,1903,394,250,2795,527,175
2020-03-14T17:00:00,17750,1966,1441,2795,527,175,2853,369,368
2020-03-15T17:00:00,20603,2335,1809,2853,369,368,2470,414,349
2020-03-16T17:00:00,23073,2749,2158,2470,414,349,2989,192,345
2020-03-17T17:00:00,26062,2941,2503,2989,192,345,2648,1084,475
2020-03-18T17:00:00,28710,4025,2978,2648,1084,475,4480,415,427
2020-03-19T17:00:00,33190,4440,3405,4480,415,427,5359,0,627
2020-03-20T17:00:00,38549,4440,4032,5359,0,627,4132,1632,793
2020-03-21T17:00:00,42681,6072,4825,4132,1632,793,3957,952,651
2020-03-22T17:00:00,46638,7024,5476,3957,952,651,4188,0,601
2020-03-23T17:00:00,50826,7024,6077,4188,0,601,3204,1302,743
2020-03-24T17:00:00,54030,8326,6820,3204,1302,743,3491,1036,683
2020-03-25T17:00:00,57521,9362,7503,3491,1036,683,4492,999,712
2020-03-26T17:00:00,62013,10361,8215,4492,999,712,4401,589,919
2020-03-27T17:00:00,66414,10950,9134,4401,589,919,3651,1434,889
2020-03-28T17:00:00,70065,12384,10023,3651,1434,889,3815,646,756
2020-03-29T17:00:00,73880,13030,10779,3815,646,756,1648,1590,812
2020-03-30T17:00:00,75528,14620,11591,1648,1590,812,2107,1109,837
2020-03-31T17:00:00,77635,15729,12428,2107,1109,837,2937,1118,727
2020-04-01T17:00:00,80572,16847,13155,2937,1118,727,2477,1431,760
2020-04-02T17:00:00,83049,18278,13915,2477,1431,760,2339,1480,766
2020-04-03T17:00:00,85388,19758,14681,2339,1480,766,2886,1238,681
2020-04-04T17:00:00,88274,20996,15362,2886,1238,681,2972,819,525
2020-04-05T17:00:00,91246,21815,15887,2972,819,525,1941,1022,636
2020-04-06T17:00:00,93187,22837,16523,1941,1022,636,880,1555,604
2020-04-07T17:00:00,94067,24392,17127,880,1555,604,1195,2099,542
2020-04-08T17:00:00,95262,26491,17669,1195,2099,542,1615,1979,610
2020-04-09T17:00:01,96877,28470,18279,1615,1979,610,1396,1985,570
2020-04-10T17:00:02,98273,30455,18849,1396,1985,570,1996,2079,619
2020-04-11T17:00:03,100269,32534,19468,1996,2079,619,1984,1677,431
2020-04-12T17:00:04,102253,34211,19899,1984,1677,431,1363,1224,566
2020-04-13T17:00:05,103616,35435,20465,1363,1224,566,675,1695,602
2020-04-14T17:00:06,104291,37130,21067,675,1695,602,1127,962,578
2020-04-15T17:00:07,105418,38092,21645,1127,962,578,1189,2072,525
2020-04-16T17:00:08,106607,40164,22170,1189,2072,525,355,2563,575
2020-04-17T17:00:09,106962,42727,22745,355,2563,575,809,2200,482
2020-04-18T17:00:10,107771,44927,23227,809,2200,482,486,2128,433
2020-04-19T17:00:11,108257,47055,23660,486,2128,433,-20,1822,454
2020-04-20T17:00:12,108237,48877,24114,-20,1822,454,-528,2723,534
2020-04-21T17:00:13,107709,51600,24648,-528,2723,534,-10,2943,437
2020-04-22T17:00:14,107699,54543,25085,-10,2943,437,-851,3033,464
2020-04-23T17:00:15,106848,57576,25549,-851,3033,464,-321,2922,420
2020-04-24T17:00:16,106527,60498,25969,-321,2922,420,-680,2622,415
2020-04-25T17:00:17,105847,63120,26384,-680,2622,415,256,1808,260
2020-04-26T17:00:18,106103,64928,26644,256,1808,260,-290,1696,333
2020-04-27T17:00:19,105813,66624,26977,-290,1696,333,-608,2317,382
2020-04-28T17:00:20,105205,68941,27359,-608,2317,382,-548,2311,323
2020-04-29T17:00:21,104657,71252,27682,-548,2311,323,-3106,4693,285
2020-04-30T17:00:22,101551,75945,27967,-3106,4693,285,-608,2304,269
2020-05-01T17:00:00,100943,78249,28236,-608,2304,269,-239,1665,474
2020-05-02T17:00:00,100704,79914,28710,-239,1665,474,-525,1740,174
2020-05-03T17:00:00,100179,81654,28884,-525,1740,174,-199,1225,195
2020-05-04T17:00:00,99980,82879,29079,-199,1225,195,-1513,2352,236
2020-05-05T17:00:00,98467,85231,29315,-1513,2352,236,-6939,8014,369
2020-05-06T17:00:00,91528,93245,29684,-6939,8014,369,-1904,3031,274
2020-05-07T17:00:00,89624,96276,29958,-1904,3031,274,-1663,2747,243
2020-05-08T17:00:00,87961,99023,30201,-1663,2747,243,-3119,4008,194
2020-05-09T17:00:01,84842,103031,30395,-3119,4008,194,-1518,2155,165
2020-05-10T17:00:02,83324,105186,30560,-1518,2155,165,-836,1401,179
2020-05-11T17:00:03,82488,106587,30739,-836,1401,179,-1222,2452,172
2020-05-12T17:00:04,81266,109039,30911,-1222,2452,172,-2809,3502,195
2020-05-13T17:00:05,78457,112541,31106,-2809,3502,195,-2017,2747,262
2020-05-14T17:00:06,76440,115288,31368,-2017,2747,262,-4370,4917,242
2020-05-15T17:00:07,72070,120205,31610,-4370,4917,242,-1883,2605,153
2020-05-16T17:00:08,70187,122810,31763,-1883,2605,153,-1836,2366,145
2020-05-17T17:00:09,68351,125176,31908,-1836,2366,145,-1798,2150,99
2020-05-18T17:00:10,66553,127326,32007,-1798,2150,99,-1424,2075,162
2020-05-19T17:00:11,65129,129401,32169,-1424,2075,162,-2377,2881,161
2020-05-20T17:00:12,62752,132282,32330,-2377,2881,161,-1792,2278,156
2020-05-21T17:00:13,60960,134560,32486,-1792,2278,156,-1638,2160,130
2020-05-22T17:00:14,59322,136720,32616,-1638,2160,130,-1570,2120,119
2020-05-23T17:00:15,57752,138840,32735,-1570,2120,119,-1158,1639,50
2020-05-24T17:00:16,56594,140479,32785,-1158,1639,50,-1294,1502,92
2020-05-25T17:00:17,55300,141981,32877,-1294,1502,92,-2358,2677,78
2020-05-26T17:00:18,52942,144658,32955,-2358,2677,78,-1976,2443,117
2020-05-27T17:00:19,50966,147101,33072,-1976,2443,117,-2980,3503,70
2020-05-28T17:00:20,47986,150604,33142,-2980,3503,70,-1811,2240,87
2020-05-29T17:00:21,46175,152844,33229,-1811,2240,87,-2484,2789,111
2020-05-30T17:00:22,43691,155633,33340,-2484,2789,111,-1616,1874,75
2020-05-31T17:00:23,42075,157507,33415,-1616,1874,75,-708,848,60
2020-06-01T17:00:24,41367,158355,33475,-708,848,60,-1474,1737,55
2020-06-02T17:00:25,39893,160092,33530,-1474,1737,55,-596,846,71
2020-06-03T17:00:26,39297,160938,33601,-596,846,71,-868,957,88
2020-06-04T17:00:27,38429,161895,33689,-868,957,88,-1453,1886,85
2020-06-05T17:00:28,36976,163781,33774,-1453,1886,85,-1099,1297,72
2020-06-06T17:00:29,35877,165078,33846,-1099,1297,72,-615,759,53
2020-06-07T17:00:30,35262,165837,33899,-615,759,53,-532,747,65
2020-06-08T17:00:31,34730,166584,33964,-532,747,65,-1858,2062,79
2020-06-09T17:00:32,32872,168646,34043,-1858,2062,79,-1162,1293,71
2020-06-10T17:00:33,31710,169939,34114,-1162,1293,71,-1073,1399,53
2020-06-11T17:00:34,30637,171338,34167,-1073,1399,53,-1640,1747,56
2020-06-12T17:00:35,28997,173085,34223,-1640,1747,56,-1512,1780,78
2020-06-13T17:00:36,27485,174865,34301,-1512,1780,78,-1211,1505,44
2020-06-14T17:00:37,26274,176370,34345,-1211,1505,44,-365,640,26
2020-06-15T17:00:38,25909,177010,34371,-365,640,26,-1340,1516,34
2020-06-16T17:00:39,24569,178526,34405,-1340,1516,34,-644,929,43
2020-06-17T17:00:40,23925,179455,34448,-644,929,43,-824,1089,66
2020-06-18T17:00:41,23101,180544,34514,-824,1089,66,-1558,1363,47
2020-06-19T17:00:42,21543,181907,34561,-1558,1363,47,-331,546,49
2020-06-20T17:00:43,21212,182453,34610,-331,546,49,-240,440,24
2020-06-21T17:00:44,20972,182893,34634,-240,440,24,-335,533,23
2020-06-22T17:00:45,20637,183426,34657,-335,533,23,-1064,1159,18
2020-06-23T17:00:46,19573,184585,34675,-1064,1159,18,-918,1526,-31
2020-06-24T17:00:47,18655,186111,34644,-918,1526,-31,-352,614,34
2020-06-25T17:00:48,18303,186725,34678,-352,614,34,-665,890,30
2020-06-26T17:00:49,17638,187615,34708,-665,890,30,-802,969,8
2020-06-27T17:00:50,16836,188584,34716,-802,969,8,-155,307,22
2020-06-28T17:00:51,16681,188891,34738,-155,307,22,-185,305,6
2020-06-29T17:00:52,16496,189196,34744,-185,305,6,-933,1052,23
2020-06-30T17:00:53,15563,190248,34767,-933,1052,23,-308,469,21
2020-07-01T17:00:24,15255,190717,34788,-308,469,21,-195,366,30
2020-07-02T17:00:25,15060,191083,34818,-195,366,30,-176,384,15
2020-07-03T17:00:26,14884,191467,34833,-176,384,15,-263,477,21
2020-07-04T17:00:27,14621,191944,34854,-263,477,21,21,164,7
2020-07-05T17:00:28,14642,192108,34861,21,164,7,67,133,8
2020-07-06T17:00:29,14709,192241,34869,67,133,8,-467,574,30
2020-07-07T17:00:30,14242,192815,34899,-467,574,30,-647,825,15
2020-07-08T17:00:31,13595,193640,34914,-647,825,15,-136,338,12
2020-07-09T17:00:32,13459,193978,34926,-136,338,12,-31,295,12
2020-07-10T17:00:33,13428,194273,34938,-31,295,12,-125,306,7
2020-07-11T17:00:34,13303,194579,34945,-125,306,7,-124,349,9
2020-07-12T17:00:35,13179,194928,34954,-124,349,9,-22,178,13
2020-07-13T17:00:36,13157,195106,34967,-22,178,13,-238,335,17
2020-07-14T17:00:37,12919,195441,34984,-238,335,17,-426,575,13
2020-07-15T17:00:38,12493,196016,34997,-426,575,13,-20,230,20
2020-07-16T17:00:39,12473,196246,35017,-20,230,20,-17,237,11
2020-07-17T17:00:40,12456,196483,35028,-17,237,11,-88,323,14
2020-07-18T17:00:41,12368,196806,35042,-88,323,14,72,143,3
2020-07-19T17:00:42,12440,196949,35045,72,143,3,-36,213,13
2020-07-20T17:00:43,12404,197162,35058,-36,213,13,-156,269,15
2020-07-21T17:00:44,12248,197431,35073,-156,269,15,74,197,9
2020-07-22T17:00:45,12322,197628,35082,74,197,9,82,214,10
2020-07-23T17:00:46,12404,197842,35092,82,214,10,-103,350,5
2020-07-24T17:00:47,12301,198192,35097,-103,350,5,141,128,5
2020-07-25T17:00:48,12442,198320,35102,141,128,5,123,126,5
2020-07-26T17:00:49,12565,198446,35107,123,126,5,16,147,5
2020-07-27T17:00:50,12581,198593,35112,16,147,5,28,163,11
2020-07-28T17:00:51,12609,198756,35123,28,163,11,7,275,6
2020-07-29T17:00:52,12616,199031,35129,7,275,6,-386,765,3
2020-07-30T17:00:53,12230,199796,35132,-386,765,3,192,178,9
2020-07-31T17:00:54,12422,199974,35141,192,178,9,35,255,5
2020-08-01T17:00:24,12457,200229,35146,35,255,5,-1,231,8
2020-08-02T17:00:25,12456,200460,35154,-1,231,8,18,129,12
2020-08-03T17:00:26,12474,200589,35166,18,129,12,8,177,5
2020-08-04T17:00:27,12482,200766,35171,8,177,5,164,210,10
2020-08-05T17:00:28,12646,200976,35181,164,210,10,48,347,6
2020-08-06T17:00:29,12694,201323,35187,48,347,6,230,319,3
2020-08-07T17:00:30,12924,201642,35190,230,319,3,29,305,13
2020-08-08T17:00:31,12953,201947,35203,29,305,13,310,151,2
2020-08-09T17:00:32,13263,202098,35205,310,151,2,105,150,4
2020-08-10T17:00:33,13368,202248,35209,105,150,4,193,213,6
2020-08-11T17:00:34,13561,202461,35215,193,213,6,230,236,10
2020-08-12T17:00:35,13791,202697,35225,230,236,10,290,226,6
2020-08-13T17:00:36,14081,202923,35231,290,226,6,168,403,3
2020-08-14T17:00:37,14249,203326,35234,168,403,3,157,314,158
2020-08-15T17:00:38,14406,203640,35392,157,314,158,327,146,4
2020-08-16T17:00:39,14733,203786,35396,327,146,4,134,182,4
2020-08-17T17:00:40,14867,203968,35400,134,182,4,222,174,5
2020-08-18T17:00:41,15089,204142,35405,222,174,5,271,364,7
2020-08-19T17:00:42,15360,204506,35412,271,364,7,654,180,6
2020-08-20T17:00:43,16014,204686,35418,654,180,6,664,274,9
2020-08-21T17:00:44,16678,204960,35427,664,274,9,825,243,3
2020-08-22T17:00:45,17503,205203,35430,825,243,3,935,267,7
2020-08-23T17:00:46,18438,205470,35437,935,267,7,757,192,4
2020-08-24T17:00:47,19195,205662,35441,757,192,4,519,353,4
2020-08-25T17:00:48,19714,206015,35445,519,353,4,1039,314,13
2020-08-26T17:00:49,20753,206329,35458,1039,314,13,1179,225,5
2020-08-27T17:00:50,21932,206554,35463,1179,225,5,1103,348,9
2020-08-28T17:00:51,23035,206902,35472,1103,348,9,121,1322,1
2020-08-29T17:00:52,23156,208224,35473,121,1322,1,1049,312,4
2020-08-30T17:00:53,24205,208536,35477,1049,312,4,1873,-883,6
2020-08-31T17:00:54,26078,207653,35483,1873,-883,6,676,291,8
2020-09-01T17:00:24,26754,207944,35491,676,291,8,1063,257,6
2020-09-02T17:00:25,27817,208201,35497,1063,257,6,1098,289,10
2020-09-03T17:00:26,28915,208490,35507,1098,289,10,1184,537,11
2020-09-04T17:00:27,30099,209027,35518,1184,537,11,1095,583,16
2020-09-05T17:00:28,31194,209610,35534,1095,583,16,884,405,7
2020-09-06T17:00:29,32078,210015,35541,884,405,7,915,223,12
2020-09-07T17:00:30,32993,210238,35553,915,223,12,796,563,10
2020-09-08T17:00:31,33789,210801,35563,796,563,10,945,471,14
2020-09-09T17:00:32,34734,211272,35577,945,471,14,974,613,10
2020-09-10T17:00:33,35708,211885,35587,974,613,10,1059,547,10
2020-09-11T17:00:34,36767,212432,35597,1059,547,10,736,759,6
2020-09-12T17:00:35,37503,213191,35603,736,759,6,1006,443,7
2020-09-13T17:00:36,38509,213634,35610,1006,443,7,678,316,14
2020-09-14T17:00:37,39187,213950,35624,678,316,14,525,695,9
2020-09-15T17:00:38,39712,214645,35633,525,695,9,820,620,12
2020-09-16T17:00:39,40532,215265,35645,820,620,12,881,689,13
2020-09-17T17:00:40,41413,215954,35658,881,689,13,1044,853,10
2020-09-18T17:00:41,42457,216807,35668,1044,853,10,704,909,24
2020-09-19T17:00:42,43161,217716,35692,704,909,24,937,635,15
2020-09-20T17:00:43,44098,218351,35707,937,635,15,981,352,17
2020-09-21T17:00:44,45079,218703,35724,981,352,17,410,967,14
2020-09-22T17:00:45,45489,219670,35738,410,967,14,625,995,20
2020-09-23T17:00:46,46114,220665,35758,625,995,20,666,1097,23
2020-09-24T17:00:47,46780,221762,35781,666,1097,23,938,954,20
2020-09-25T17:00:48,47718,222716,35801,938,954,20,875,977,17
2020-09-26T17:00:49,48593,223693,35818,875,977,17,1025,724,17
2020-09-27T17:00:50,49618,224417,35835,1025,724,17,705,773,16
2020-09-28T17:00:51,50323,225190,35851,705,773,16,307,1316,24
2020-09-29T17:00:52,50630,226506,35875,307,1316,24,633,1198,19
2020-09-30T17:00:53,51263,227704,35894,633,1198,19,1384,1140,24
