data,D,R,A,D_in,R_in,A_in,D_in_next,R_in_next,A_in_next
2020-02-25T18:00:00,0,2,0,0,2,0,0,0,0
2020-02-26T18:00:00,0,2,0,0,0,0,0,0,0
2020-02-27T18:00:00,0,2,0,0,0,0,0,0,0
2020-02-28T18:00:00,0,2,0,0,0,0,0,0,0
2020-02-29T17:00:00,0,2,0,0,0,0,0,0,0
2020-03-01T17:00:00,0,2,0,0,0,0,1,0,0
2020-03-02T18:00:00,1,2,0,1,0,0,0,0,0
2020-03-03T18:00:00,1,2,0,0,0,0,0,0,0
2020-03-04T17:00:00,1,2,0,0,0,0,1,0,0
2020-03-05T17:00:00,2,2,0,1,0,0,9,0,0
2020-03-06T17:00:00,11,2,0,9,0,0,0,0,0
2020-03-07T18:00:00,11,2,0,0,0,0,3,1,0
2020-03-08T18:00:00,14,3,0,3,1,0,0,0,0
2020-03-09T18:00:00,14,3,0,0,0,0,3,0,0
2020-03-10T18:00:00,17,3,0,3,0,0,0,0,0
2020-03-11T17:00:00,17,3,0,0,0,0,8,0,0
2020-03-12T17:00:00,25,3,0,8,0,0,17,0,0
2020-03-13T17:00:00,42,3,0,17,0,0,9,5,0
2020-03-14T17:00:00,51,8,0,9,5,0,4,0,0
2020-03-15T17:00:00,55,8,0,4,0,0,27,0,0
2020-03-16T17:00:00,82,8,0,27,0,0,24,0,0
2020-03-17T17:00:00,106,8,0,24,0,0,33,0,0
2020-03-18T17:00:00,139,8,0,33,0,0,50,1,1
2020-03-19T17:00:00,189,9,1,50,1,1,54,0,0
2020-03-20T17:00:00,243,9,1,54,0,0,50,3,0
2020-03-21T17:00:00,293,12,1,50,3,0,57,4,0
2020-03-22T17:00:00,350,16,1,57,4,0,71,0,0
2020-03-23T17:00:00,421,16,1,71,0,0,51,6,0
2020-03-24T17:00:00,472,22,1,51,6,0,154,7,2
2020-03-25T17:00:00,626,29,3,154,7,2,173,9,0
2020-03-26T17:00:00,799,38,3,173,9,0,188,7,1
2020-03-27T17:00:00,987,45,4,188,7,1,224,4,0
2020-03-28T17:00:00,1211,49,4,224,4,0,251,15,4
2020-03-29T17:00:00,1462,64,8,251,15,4,299,2,1
2020-03-30T17:00:00,1761,66,9,299,2,1,438,55,8
2020-03-31T17:00:00,2199,121,17,438,55,8,364,69,7
2020-04-01T17:00:00,2563,190,24,364,69,7,720,45,6
2020-04-02T17:00:00,3283,235,30,720,45,6,551,46,4
2020-04-03T17:00:00,3834,281,34,551,46,4,521,52,9
2020-04-04T17:00:00,4355,333,43,521,52,9,634,22,2
2020-04-05T17:00:00,4989,355,45,634,22,2,901,51,2
2020-04-06T17:00:00,5890,406,47,901,51,2,1055,88,11
2020-04-07T17:00:00,6945,494,58,1055,88,11,1084,86,5
2020-04-08T17:00:00,8029,580,63,1084,86,5,1328,118,13
2020-04-09T17:00:01,9357,698,76,1328,118,13,1671,97,18
2020-04-10T17:00:02,11028,795,94,1671,97,18,1405,250,12
2020-04-11T17:00:03,12433,1045,106,1405,250,12,1916,246,24
2020-04-12T17:00:04,14349,1291,130,1916,246,24,2361,179,18
2020-04-13T17:00:05,16710,1470,148,2361,179,18,2528,224,22
2020-04-14T17:00:06,19238,1694,170,2528,224,22,3068,292,28
2020-04-15T17:00:07,22306,1986,198,3068,292,28,3096,318,34
2020-04-16T17:00:08,25402,2304,232,3096,318,34,3743,286,41
2020-04-17T17:00:09,29145,2590,273,3743,286,41,4278,467,40
2020-04-18T17:00:10,33423,3057,313,4278,467,40,5778,234,48
2020-04-19T17:00:11,39201,3291,361,5778,234,48,4069,155,44
2020-04-20T17:00:12,43270,3446,405,4069,155,44,5164,427,51
2020-04-21T17:00:13,48434,3873,456,5164,427,51,4632,547,57
2020-04-22T17:00:14,53066,4420,513,4632,547,57,4261,471,42
2020-04-23T17:00:15,57327,4891,555,4261,471,42,5112,677,60
2020-04-24T17:00:16,62439,5568,615,5112,677,60,5218,682,66
2020-04-25T17:00:17,67657,6250,681,5218,682,66,5778,517,66
2020-04-26T17:00:18,73435,6767,747,5778,517,66,5572,579,47
2020-04-27T17:00:19,79007,7346,794,5572,579,47,5228,1110,73
2020-04-28T17:00:20,84235,8456,867,5228,1110,73,3906,1830,105
2020-04-29T17:00:21,88141,10286,972,3906,1830,105,5665,1333,101
2020-04-30T17:00:22,93806,11619,1073,5665,1333,101,6236,1601,96
2020-05-01T17:00:00,100042,13220,1169,6236,1601,96,7777,1793,53
2020-05-02T17:00:00,107819,15013,1222,7777,1793,53,8949,1626,58
2020-05-03T17:00:00,116768,16639,1280,8949,1626,58,9049,1456,76
2020-05-04T17:00:00,125817,18095,1356,9049,1456,76,8237,1770,95
2020-05-05T17:00:00,134054,19865,1451,8237,1770,95,9011,1462,86
2020-05-06T17:00:00,143065,21327,1537,9011,1462,86,8667,2476,88
2020-05-07T17:00:00,151732,23803,1625,8667,2476,88,7796,2805,98
2020-05-08T17:00:00,159528,26608,1723,7796,2805,98,5405,5308,104
2020-05-09T17:00:01,164933,31916,1827,5405,5308,104,8534,2390,88
2020-05-10T17:00:02,173467,34306,1915,8534,2390,88,6067,5495,94
2020-05-11T17:00:03,179534,39801,2009,6067,5495,94,7081,3711,107
2020-05-12T17:00:04,186615,43512,2116,7081,3711,107,5441,4491,96
2020-05-13T17:00:05,192056,48003,2212,5441,4491,96,4354,5527,93
2020-05-14T17:00:06,196410,53530,2305,4354,5527,93,5789,4696,113
2020-05-15T17:00:07,202199,58226,2418,5789,4696,113,4141,4940,119
2020-05-16T17:00:08,206340,63166,2537,4141,4940,119,5408,4207,94
2020-05-17T17:00:09,211748,67373,2631,5408,4207,94,5999,2836,91
2020-05-18T17:00:10,217747,70209,2722,5999,2836,91,3227,5921,115
2020-05-19T17:00:11,220974,76130,2837,3227,5921,115,-633,9262,135
2020-05-20T17:00:12,220341,85392,2972,-633,9262,135,1433,7289,127
2020-05-21T17:00:13,221774,92681,3099,1433,7289,127,1600,7144,150
2020-05-22T17:00:14,223374,99825,3249,1600,7144,150,1184,8111,139
2020-05-23T17:00:15,224558,107936,3388,1184,8111,139,3083,5363,153
2020-05-24T17:00:16,227641,113299,3541,3083,5363,153,3355,5499,92
2020-05-25T17:00:17,230996,118798,3633,3355,5499,92,-3590,12331,174
2020-05-26T17:00:18,227406,131129,3807,-3590,12331,174,-2902,11079,161
2020-05-27T17:00:19,224504,142208,3968,-2902,11079,161,-588,8785,174
2020-05-28T17:00:20,223916,150993,4142,-588,8785,174,76,8264,232
2020-05-29T17:00:21,223992,159257,4374,76,8264,232,559,8212,181
2020-05-30T17:00:22,224551,167469,4555,559,8212,181,4716,4414,138
2020-05-31T17:00:23,229267,171883,4693,4716,4414,138,4698,3631,156
2020-06-01T17:00:24,233965,175514,4849,4698,3631,156,-2412,11088,182
2020-06-02T17:00:25,231553,186602,5031,-2412,11088,182,-605,8957,177
2020-06-03T17:00:26,230948,195559,5208,-605,8957,177,17,8638,168
2020-06-04T17:00:27,230965,204197,5376,17,8638,168,534,8040,144
2020-06-05T17:00:28,231499,212237,5520,534,8040,144,-49,8698,197
2020-06-06T17:00:29,231450,220935,5717,-49,8698,197,3500,5337,134
2020-06-07T17:00:30,234950,226272,5851,3500,5337,134,4904,3954,112
2020-06-08T17:00:31,239854,230226,5963,4904,3954,112,-3275,11691,171
2020-06-09T17:00:32,236579,241917,6134,-3275,11691,171,-2201,10378,216
2020-06-10T17:00:33,234378,252295,6350,-2201,10378,216,251,8354,172
2020-06-11T17:00:34,234629,260649,6522,251,8354,172,565,8213,183
2020-06-12T17:00:35,235194,268862,6705,565,8213,183,3317,5266,114
2020-06-13T17:00:36,238511,274128,6819,3317,5266,114,3282,5408,119
2020-06-14T17:00:37,241793,279536,6938,3282,5408,119,3589,4485,143
2020-06-15T17:00:38,245382,284021,7081,3589,4485,143,-1711,9759,193
2020-06-16T17:00:39,243671,293780,7274,-1711,9759,193,-2390,10020,194
2020-06-17T17:00:40,241281,303800,7468,-2390,10020,194,-2019,9609,182
2020-06-18T17:00:41,239262,313409,7650,-2019,9609,182,-2652,10442,181
2020-06-19T17:00:42,236610,323851,7831,-2652,10442,181,-2464,10173,161
2020-06-20T17:00:43,234146,334024,7992,-2464,10173,161,2490,5118,109
2020-06-21T17:00:44,236636,339142,8101,2490,5118,109,2786,4705,95
2020-06-22T17:00:45,239422,343847,8196,2786,4705,95,-4740,12000,153
2020-06-23T17:00:46,234682,355847,8349,-4740,12000,153,-5364,12375,154
2020-06-24T17:00:47,229318,368222,8503,-5364,12375,154,679,6335,91
2020-06-25T17:00:48,229997,374557,8594,679,6335,91,-2355,8967,176
2020-06-26T17:00:49,227642,383524,8770,-2355,8967,176,-2524,9179,188
2020-06-27T17:00:50,225118,392703,8958,-2524,9179,188,949,5733,102
2020-06-28T17:00:51,226067,398436,9060,949,5733,102,2249,4342,92
2020-06-29T17:00:52,228316,402778,9152,2249,4342,92,-2666,9195,154
2020-06-30T17:00:53,225650,411973,9306,-2666,9195,154,-3927,10262,215
2020-07-01T17:00:24,221723,422235,9521,-3927,10262,215,564,6041,147
2020-07-02T17:00:25,222287,428276,9668,564,6041,147,-2345,8879,176
2020-07-03T17:00:26,219942,437155,9844,-2345,8879,176,-2516,8972,167
2020-07-04T17:00:27,217426,446127,10011,-2516,8972,167,2717,3868,134
2020-07-05T17:00:28,220143,449995,10145,2717,3868,134,2859,3575,135
2020-07-06T17:00:29,223002,453570,10280,2859,3575,135,-3368,9533,198
2020-07-07T17:00:30,219634,463103,10478,-3368,9533,198,-2253,8615,172
2020-07-08T17:00:31,217381,471718,10650,-2253,8615,172,-2461,8776,176
2020-07-09T17:00:32,214920,480494,10826,-2461,8776,176,-1291,7740,174
2020-07-10T17:00:33,213629,488234,11000,-1291,7740,174,-1962,8360,188
2020-07-11T17:00:34,211667,496594,11188,-1962,8360,188,2843,3614,130
2020-07-12T17:00:35,214510,500208,11318,2843,3614,130,3447,2960,104
2020-07-13T17:00:36,217957,503168,11422,3447,2960,104,-2725,8790,175
2020-07-14T17:00:37,215232,511958,11597,-2725,8790,175,-4163,10417,156
2020-07-15T17:00:38,211069,522375,11753,-4163,10417,156,-2178,8426,167
2020-07-16T17:00:39,208891,530801,11920,-2178,8426,167,-1463,7666,186
2020-07-17T17:00:40,207428,538467,12106,-1463,7666,186,-1350,7442,122
2020-07-18T17:00:41,206078,545909,12228,-1350,7442,122,2523,3478,95
2020-07-19T17:00:42,208601,549387,12323,2523,3478,95,2559,3257,85
2020-07-20T17:00:43,211160,552644,12408,2559,3257,85,-3078,8753,153
2020-07-21T17:00:44,208082,561397,12561,-3078,8753,153,-3967,9652,165
2020-07-22T17:00:45,204115,571049,12726,-3967,9652,165,-2563,8246,147
2020-07-23T17:00:46,201552,579295,12873,-2563,8246,147,-2807,8433,153
2020-07-24T17:00:47,198745,587728,13026,-2807,8433,153,-2649,8336,146
2020-07-25T17:00:48,196096,596064,13172,-2649,8336,146,2556,3108,77
2020-07-26T17:00:49,198652,599172,13249,2556,3108,77,2445,3077,85
2020-07-27T17:00:50,201097,602249,13334,2445,3077,85,-3629,8860,149
2020-07-28T17:00:51,197468,611109,13483,-3629,8860,149,-2813,8095,167
2020-07-29T17:00:52,194655,619204,13650,-2813,8095,167,-3922,9278,128
2020-07-30T17:00:53,190733,628482,13778,-3922,9278,128,-3428,8735,161
2020-07-31T17:00:54,187305,637217,13939,-3428,8735,161,-2765,8099,95
2020-08-01T17:00:24,184540,645316,14034,-2765,8099,95,1672,3645,70
2020-08-02T17:00:25,186212,648961,14104,1672,3645,70,1874,3411,79
2020-08-03T17:00:26,188086,652372,14183,1874,3411,79,-2886,7863,144
2020-08-04T17:00:27,185200,660235,14327,-2886,7863,144,-2486,7534,138
2020-08-05T17:00:28,182714,667769,14465,-2486,7534,138,-2175,7300,114
2020-08-06T17:00:29,180539,675069,14579,-2175,7300,114,-2137,7209,119
2020-08-07T17:00:30,178402,682278,14698,-2137,7209,119,-1522,6578,129
2020-08-08T17:00:31,176880,688856,14827,-1522,6578,129,1876,3203,76
2020-08-09T17:00:32,178756,692059,14903,1876,3203,76,1753,3258,70
2020-08-10T17:00:33,180509,695317,14973,1753,3258,70,-1717,6479,130
2020-08-11T17:00:34,178792,701796,15103,-1717,6479,130,-2178,7104,128
2020-08-12T17:00:35,176614,708900,15231,-2178,7104,128,-1139,6034,122
2020-08-13T17:00:36,175475,714934,15353,-1139,6034,122,-1637,6539,114
2020-08-14T17:00:37,173838,721473,15467,-1637,6539,114,-1510,6422,118
2020-08-15T17:00:38,172328,727895,15585,-1510,6422,118,1294,3549,68
2020-08-16T17:00:39,173622,731444,15653,1294,3549,68,1656,3129,54
2020-08-17T17:00:40,175278,734573,15707,1656,3129,54,-1883,6472,129
2020-08-18T17:00:41,173395,741045,15836,-1883,6472,129,-2082,6757,115
2020-08-19T17:00:42,171313,747802,15951,-2082,6757,115,-1406,6066,107
2020-08-20T17:00:43,169907,753868,16058,-1406,6066,107,-1023,5771,90
2020-08-21T17:00:44,168884,759639,16148,-1023,5771,90,-1375,6115,120
2020-08-22T17:00:45,167509,765754,16268,-1375,6115,120,1572,3152,73
2020-08-23T17:00:46,169081,768906,16341,1572,3152,73,2172,2451,65
2020-08-24T17:00:47,171253,771357,16406,2172,2451,65,-2082,6603,118
2020-08-25T17:00:48,169171,777960,16524,-2082,6603,118,-1789,6317,114
2020-08-26T17:00:49,167382,784277,16638,-1789,6317,114,-1797,6352,120
2020-08-27T17:00:50,165585,790629,16758,-1797,6352,120,-1219,5869,108
2020-08-28T17:00:51,164366,796498,16866,-1219,5869,108,-1135,5867,111
2020-08-29T17:00:52,163231,802365,16977,-1135,5867,111,2253,2576,68
2020-08-30T17:00:53,165484,804941,17045,2253,2576,68,2451,2398,83
2020-08-31T17:00:54,167935,807339,17128,2451,2398,83,-1716,6264,122
2020-09-01T17:00:24,166219,813603,17250,-1716,6264,122,-662,5440,115
2020-09-02T17:00:25,165557,819043,17365,-662,5440,115,-896,5740,114
2020-09-03T17:00:26,164661,824783,17479,-896,5740,114,-804,5749,119
2020-09-04T17:00:27,163857,830532,17598,-804,5749,119,-317,5352,109
2020-09-05T17:00:28,163540,835884,17707,-317,5352,109,2240,2796,61
2020-09-06T17:00:29,165780,838680,17768,2240,2796,61,2739,2317,50
2020-09-07T17:00:30,168519,840997,17818,2739,2317,50,-1850,6749,121
2020-09-08T17:00:31,166669,847746,17939,-1850,6749,121,-1292,6323,141
2020-09-09T17:00:32,165377,854069,18080,-1292,6323,141,-709,5892,127
2020-09-10T17:00:33,164668,859961,18207,-709,5892,127,-366,5685,102
2020-09-11T17:00:34,164302,865646,18309,-366,5685,102,-65,5354,117
2020-09-12T17:00:35,164237,871000,18426,-65,5354,117,2586,2684,91
2020-09-13T17:00:36,166823,873684,18517,2586,2684,91,2890,2468,56
2020-09-14T17:00:37,169713,876152,18573,2890,2468,56,-256,5541,150
2020-09-15T17:00:38,169457,881693,18723,-256,5541,150,-282,5764,130
2020-09-16T17:00:39,169175,887457,18853,-282,5764,130,-164,5688,143
2020-09-17T17:00:40,169011,893145,18996,-164,5688,143,396,5275,132
2020-09-18T17:00:41,169407,898420,19128,396,5275,132,693,5125,142
2020-09-19T17:00:42,170100,903545,19270,693,5125,142,3078,2886,79
2020-09-20T17:00:43,173178,906431,19349,3078,2886,79,3424,2595,71
2020-09-21T17:00:44,176602,909026,19420,3424,2595,71,57,5897,155
2020-09-22T17:00:45,176659,914923,19575,57,5897,155,506,5679,145
2020-09-23T17:00:46,177165,920602,19720,506,5679,145,281,6061,147
2020-09-24T17:00:47,177446,926663,19867,281,6061,147,2714,4292,106
2020-09-25T17:00:48,180160,930955,19973,2714,4292,106,1328,5926,167
2020-09-26T17:00:49,181488,936881,20140,1328,5926,167,4625,3040,99
2020-09-27T17:00:50,186113,939921,20239,4625,3040,99,5268,2698,60
2020-09-28T17:00:51,191381,942619,20299,5268,2698,60,1606,6366,157
2020-09-29T17:00:52,192987,948985,20456,1606,6366,157,2394,5803,174
2020-09-30T17:00:53,195381,954788,20630,2394,5803,174,2728,5941,166
