data,D,R,A,D_in,R_in,A_in,D_in_next,R_in_next,A_in_next
2020-02-25T18:00:00,1,0,0,1,0,0,0,0,0
2020-02-26T18:00:00,1,0,0,0,0,0,7,0,0
2020-02-27T18:00:00,8,0,0,7,0,0,0,0,0
2020-02-28T18:00:00,8,0,0,0,0,0,10,0,0
2020-02-29T17:00:00,18,0,0,10,0,0,9,0,0
2020-03-01T17:00:00,27,0,0,9,0,0,15,0,0
2020-03-02T18:00:00,42,0,0,15,0,0,12,2,0
2020-03-03T18:00:00,54,2,0,12,2,0,33,1,0
2020-03-04T17:00:00,87,3,0,33,1,0,23,0,1
2020-03-05T17:00:00,110,3,1,23,0,1,100,0,0
2020-03-06T17:00:00,210,3,1,100,0,0,54,0,0
2020-03-07T18:00:00,264,3,1,54,0,0,68,0,1
2020-03-08T18:00:00,332,3,2,68,0,1,37,0,0
2020-03-09T18:00:00,369,3,2,37,0,0,116,0,1
2020-03-10T18:00:00,485,3,3,116,0,1,159,1,1
2020-03-11T17:00:00,644,4,4,159,1,1,0,0,0
2020-03-12T17:00:00,644,4,4,0,0,0,480,0,7
2020-03-13T17:00:00,1124,4,11,480,0,7,218,0,2
2020-03-14T17:00:00,1342,4,13,218,0,2,840,0,1
2020-03-15T17:00:00,2182,4,14,840,0,1,0,0,0
2020-03-16T17:00:00,2182,4,14,0,0,0,487,0,13
2020-03-17T17:00:00,2669,4,27,487,0,13,316,11,1
2020-03-18T17:00:00,2985,15,28,316,11,1,1034,0,13
2020-03-19T17:00:00,4019,15,41,1034,0,13,1206,0,13
2020-03-20T17:00:00,5225,15,54,1206,0,13,1260,0,21
2020-03-21T17:00:00,6485,15,75,1260,0,21,760,116,23
2020-03-22T17:00:00,7245,131,98,760,116,23,1299,0,22
2020-03-23T17:00:00,8544,131,120,1299,0,22,1080,0,2
2020-03-24T17:00:00,9624,131,122,1080,0,2,989,0,31
2020-03-25T17:00:00,10613,131,153,989,0,31,876,0,38
2020-03-26T17:00:00,11489,131,191,876,0,38,-322,1399,40
2020-03-27T17:00:00,11167,1530,231,-322,1399,40,1115,0,33
2020-03-28T17:00:00,12282,1530,264,1115,0,33,652,65,36
2020-03-29T17:00:00,12934,1595,300,652,65,36,806,228,59
2020-03-30T17:00:00,13740,1823,359,806,228,59,609,0,74
2020-03-31T17:00:00,14349,1823,433,609,0,74,-36,1144,55
2020-04-01T17:00:00,14313,2967,488,-36,1144,55,-35,1046,48
2020-04-02T17:00:00,14278,4013,536,-35,1046,48,-109,833,55
2020-04-03T17:00:00,14169,4846,591,-109,833,55,-745,1569,75
2020-04-04T17:00:00,13424,6415,666,-745,1569,75,546,0,49
2020-04-05T17:00:00,13970,6415,715,546,0,49,-1134,1641,50
2020-04-06T17:00:00,12836,8056,765,-1134,1641,50,-108,648,56
2020-04-07T17:00:00,12728,8704,821,-108,648,56,-143,1096,74
2020-04-08T17:00:00,12585,9800,895,-143,1096,74,-82,800,53
2020-04-09T17:00:01,12503,10600,948,-82,800,53,-54,500,54
2020-04-10T17:00:02,12449,11100,1002,-54,500,54,-478,1000,34
2020-04-11T17:00:03,11971,12100,1036,-478,1000,34,-362,600,70
2020-04-12T17:00:04,11609,12700,1106,-362,600,70,-759,1000,32
2020-04-13T17:00:05,10850,13700,1138,-759,1000,32,212,0,36
2020-04-14T17:00:06,11062,13700,1174,212,0,36,-1365,1700,65
2020-04-15T17:00:07,9697,15400,1239,-1365,1700,65,-146,500,42
2020-04-16T17:00:08,9551,15900,1281,-146,500,42,-200,500,46
2020-04-17T17:00:09,9351,16400,1327,-200,500,46,-415,700,41
2020-04-18T17:00:10,8936,17100,1368,-415,700,41,-389,700,25
2020-04-19T17:00:11,8547,17800,1393,-389,700,25,-632,800,36
2020-04-20T17:00:12,7915,18600,1429,-632,800,36,-730,800,49
2020-04-21T17:00:13,7185,19400,1478,-730,800,49,-326,500,31
2020-04-22T17:00:14,6859,19900,1509,-326,500,31,-512,700,40
2020-04-23T17:00:15,6347,20600,1549,-512,700,40,-259,400,40
2020-04-24T17:00:16,6088,21000,1589,-259,400,40,-93,300,10
2020-04-25T17:00:17,5995,21300,1599,-93,300,10,-344,500,11
2020-04-26T17:00:18,5651,21800,1610,-344,500,11,-352,400,55
2020-04-27T17:00:19,5299,22200,1665,-352,400,55,-334,400,34
2020-04-28T17:00:20,4965,22600,1699,-334,400,34,126,0,17
2020-04-29T17:00:21,5091,22600,1716,126,0,17,-642,800,21
2020-04-30T17:00:22,4449,23400,1737,-642,800,21,-398,500,17
2020-05-01T17:00:00,4051,23900,1754,-398,500,17,-196,300,8
2020-05-02T17:00:00,3855,24200,1762,-196,300,8,-212,300,0
2020-05-03T17:00:00,3643,24500,1762,-212,300,0,-646,700,22
2020-05-04T17:00:00,2997,25200,1784,-646,700,22,-183,200,11
2020-05-05T17:00:00,2814,25400,1795,-183,200,11,-259,300,10
2020-05-06T17:00:00,2555,25700,1805,-259,300,10,-139,200,5
2020-05-07T17:00:00,2416,25900,1810,-139,200,5,-132,200,13
2020-05-08T17:00:00,2284,26100,1823,-132,200,13,-263,300,7
2020-05-09T17:00:01,2021,26400,1830,-263,300,7,-149,200,3
2020-05-10T17:00:02,1872,26600,1833,-149,200,3,-173,200,12
2020-05-11T17:00:03,1699,26800,1845,-173,200,12,14,0,22
2020-05-12T17:00:04,1713,26800,1867,14,0,22,-270,300,3
2020-05-13T17:00:05,1443,27100,1870,-270,300,3,48,0,2
2020-05-14T17:00:06,1491,27100,1872,48,0,2,45,0,6
2020-05-15T17:00:07,1536,27100,1878,45,0,6,-243,300,1
2020-05-16T17:00:08,1293,27400,1879,-243,300,1,-87,100,2
2020-05-17T17:00:09,1206,27500,1881,-87,100,2,-95,100,5
2020-05-18T17:00:10,1111,27600,1886,-95,100,5,-84,100,5
2020-05-19T17:00:11,1027,27700,1891,-84,100,5,-61,100,1
2020-05-20T17:00:12,966,27800,1892,-61,100,1,-70,100,6
2020-05-21T17:00:13,896,27900,1898,-70,100,6,8,0,5
2020-05-22T17:00:14,904,27900,1903,8,0,5,-84,100,2
2020-05-23T17:00:15,820,28000,1905,-84,100,2,-90,100,1
2020-05-24T17:00:16,730,28100,1906,-90,100,1,-97,100,7
2020-05-25T17:00:17,633,28200,1913,-97,100,7,13,0,2
2020-05-26T17:00:18,646,28200,1915,13,0,2,-87,100,2
2020-05-27T17:00:19,559,28300,1917,-87,100,2,18,0,2
2020-05-28T17:00:20,577,28300,1919,18,0,2,32,0,0
2020-05-29T17:00:21,609,28300,1919,32,0,0,-83,100,0
2020-05-30T17:00:22,526,28400,1919,-83,100,0,-84,100,1
2020-05-31T17:00:23,442,28500,1920,-84,100,1,9,0,0
2020-06-01T17:00:24,451,28500,1920,9,0,0,3,0,0
2020-06-02T17:00:25,454,28500,1920,3,0,0,-82,100,1
2020-06-03T17:00:26,372,28600,1921,-82,100,1,20,0,0
2020-06-04T17:00:27,392,28600,1921,20,0,0,23,0,0
2020-06-05T17:00:28,415,28600,1921,23,0,0,-80,100,0
2020-06-06T17:00:29,335,28700,1921,-80,100,0,9,0,0
2020-06-07T17:00:30,344,28700,1921,9,0,0,5,0,2
2020-06-08T17:00:31,349,28700,1923,5,0,2,5,0,11
2020-06-09T17:00:32,354,28700,1934,5,0,11,21,0,2
2020-06-10T17:00:33,375,28700,1936,21,0,2,-68,100,1
2020-06-11T17:00:34,307,28800,1937,-68,100,1,18,0,1
2020-06-12T17:00:35,325,28800,1938,18,0,1,31,0,0
2020-06-13T17:00:36,356,28800,1938,31,0,0,23,0,0
2020-06-14T17:00:37,379,28800,1938,23,0,0,-87,100,1
2020-06-15T17:00:38,292,28900,1939,-87,100,1,8,0,15
2020-06-16T17:00:39,300,28900,1954,8,0,15,31,0,2
2020-06-17T17:00:40,331,28900,1956,31,0,2,13,0,0
2020-06-18T17:00:41,344,28900,1956,13,0,0,35,0,0
2020-06-19T17:00:42,379,28900,1956,35,0,0,8,0,0
2020-06-20T17:00:43,387,28900,1956,8,0,0,-51,100,0
2020-06-21T17:00:44,336,29000,1956,-51,100,0,18,0,0
2020-06-22T17:00:45,354,29000,1956,18,0,0,22,0,0
2020-06-23T17:00:46,376,29000,1956,22,0,0,42,0,2
2020-06-24T17:00:47,418,29000,1958,42,0,2,52,0,0
2020-06-25T17:00:48,470,29000,1958,52,0,0,54,0,4
2020-06-26T17:00:49,524,29000,1962,54,0,4,-31,100,0
2020-06-27T17:00:50,493,29100,1962,-31,100,0,62,0,0
2020-06-28T17:00:51,555,29100,1962,62,0,0,35,0,0
2020-06-29T17:00:52,590,29100,1962,35,0,0,-39,100,1
2020-06-30T17:00:53,551,29200,1963,-39,100,1,135,0,2
2020-07-01T17:00:24,686,29200,1965,135,0,2,116,0,0
2020-07-02T17:00:25,802,29200,1965,116,0,0,134,0,0
2020-07-03T17:00:26,936,29200,1965,134,0,0,97,0,0
2020-07-04T17:00:27,1033,29200,1965,97,0,0,-30,100,0
2020-07-05T17:00:28,1003,29300,1965,-30,100,0,47,0,0
2020-07-06T17:00:29,1050,29300,1965,47,0,0,53,0,1
2020-07-07T17:00:30,1103,29300,1966,53,0,1,29,100,0
2020-07-08T17:00:31,1132,29400,1966,29,100,0,88,0,0
2020-07-09T17:00:32,1220,29400,1966,88,0,0,104,0,0
2020-07-10T17:00:33,1324,29400,1966,104,0,0,25,100,2
2020-07-11T17:00:34,1349,29500,1968,25,100,2,-34,100,0
2020-07-12T17:00:35,1315,29600,1968,-34,100,0,63,0,0
2020-07-13T17:00:36,1378,29600,1968,63,0,0,-130,200,0
2020-07-14T17:00:37,1248,29800,1968,-130,200,0,132,0,0
2020-07-15T17:00:38,1380,29800,1968,132,0,0,41,100,1
2020-07-16T17:00:39,1421,29900,1969,41,100,1,92,0,0
2020-07-17T17:00:40,1513,29900,1969,92,0,0,110,0,0
2020-07-18T17:00:41,1623,29900,1969,110,0,0,-301,400,0
2020-07-19T17:00:42,1322,30300,1969,-301,400,0,41,0,2
2020-07-20T17:00:43,1363,30300,1971,41,0,2,107,0,1
2020-07-21T17:00:44,1470,30300,1972,107,0,1,-59,200,0
2020-07-22T17:00:45,1411,30500,1972,-59,200,0,114,0,3
2020-07-23T17:00:46,1525,30500,1975,114,0,3,152,0,2
2020-07-24T17:00:47,1677,30500,1977,152,0,2,148,0,0
2020-07-25T17:00:48,1825,30500,1977,148,0,0,-90,200,0
2020-07-26T17:00:49,1735,30700,1977,-90,200,0,-136,200,1
2020-07-27T17:00:50,1599,30900,1978,-136,200,1,32,100,0
2020-07-28T17:00:51,1631,31000,1978,32,100,0,92,100,1
2020-07-29T17:00:52,1723,31100,1979,92,100,1,219,0,1
2020-07-30T17:00:53,1942,31100,1980,219,0,1,209,0,1
2020-07-31T17:00:54,2151,31100,1981,209,0,1,-20,200,0
2020-08-01T17:00:24,2131,31300,1981,-20,200,0,-62,200,0
2020-08-02T17:00:25,2069,31500,1981,-62,200,0,66,0,0
2020-08-03T17:00:26,2135,31500,1981,66,0,0,30,100,0
2020-08-04T17:00:27,2165,31600,1981,30,100,0,178,0,3
2020-08-05T17:00:28,2343,31600,1984,178,0,3,180,0,1
2020-08-06T17:00:29,2523,31600,1985,180,0,1,160,0,1
2020-08-07T17:00:30,2683,31600,1986,160,0,1,-118,300,0
2020-08-08T17:00:31,2565,31900,1986,-118,300,0,-248,400,0
2020-08-09T17:00:32,2317,32300,1986,-248,400,0,4,100,1
2020-08-10T17:00:33,2321,32400,1987,4,100,1,184,0,3
2020-08-11T17:00:34,2505,32400,1990,184,0,3,-27,300,1
2020-08-12T17:00:35,2478,32700,1991,-27,300,1,234,0,0
2020-08-13T17:00:36,2712,32700,1991,234,0,0,68,200,0
2020-08-14T17:00:37,2780,32900,1991,68,200,0,-47,300,0
2020-08-15T17:00:38,2733,33200,1991,-47,300,0,100,100,0
2020-08-16T17:00:39,2833,33300,1991,100,100,0,128,0,0
2020-08-17T17:00:40,2961,33300,1991,128,0,0,-4,200,1
2020-08-18T17:00:41,2957,33500,1992,-4,200,1,307,0,4
2020-08-19T17:00:42,3264,33500,1996,307,0,4,-136,400,2
2020-08-20T17:00:43,3128,33900,1998,-136,400,2,304,0,2
2020-08-21T17:00:44,3432,33900,2000,304,0,2,95,200,0
2020-08-22T17:00:45,3527,34100,2000,95,200,0,-25,300,1
2020-08-23T17:00:46,3502,34400,2001,-25,300,1,157,0,0
2020-08-24T17:00:47,3659,34400,2001,157,0,0,201,0,1
2020-08-25T17:00:48,3860,34400,2002,201,0,1,-18,400,1
2020-08-26T17:00:49,3842,34800,2003,-18,400,1,361,0,0
2020-08-27T17:00:50,4203,34800,2003,361,0,0,339,0,1
2020-08-28T17:00:51,4542,34800,2004,339,0,1,-25,400,1
2020-08-29T17:00:52,4517,35200,2005,-25,400,1,-308,600,0
2020-08-30T17:00:53,4209,35800,2005,-308,600,0,-138,300,1
2020-08-31T17:00:54,4071,36100,2006,-138,300,1,11,200,5
2020-09-01T17:00:24,4082,36300,2011,11,200,5,170,200,0
2020-09-02T17:00:25,4252,36500,2011,170,200,0,362,0,2
2020-09-03T17:00:26,4614,36500,2013,362,0,2,405,0,0
2020-09-04T17:00:27,5019,36500,2013,405,0,0,-175,600,0
2020-09-05T17:00:28,4844,37100,2013,-175,600,0,444,0,0
2020-09-06T17:00:29,5288,37100,2013,444,0,0,-410,600,1
2020-09-07T17:00:30,4878,37700,2014,-410,600,1,241,0,4
2020-09-08T17:00:31,5119,37700,2018,241,0,4,68,400,1
2020-09-09T17:00:32,5187,38100,2019,68,400,1,404,0,1
2020-09-10T17:00:33,5591,38100,2020,404,0,1,528,0,0
2020-09-11T17:00:34,6119,38100,2020,528,0,0,65,400,0
2020-09-12T17:00:35,6184,38500,2020,65,400,0,74,400,1
2020-09-13T17:00:36,6258,38900,2021,74,400,1,-447,700,4
2020-09-14T17:00:37,5811,39600,2025,-447,700,4,12,300,3
2020-09-15T17:00:38,5823,39900,2028,12,300,3,503,0,11
2020-09-16T17:00:39,6326,39900,2039,503,0,11,527,0,3
2020-09-17T17:00:40,6853,39900,2042,527,0,3,-115,600,3
2020-09-18T17:00:41,6738,40500,2045,-115,600,3,0,0,0
2020-09-19T17:00:42,6738,40500,2045,0,0,0,0,0,0
2020-09-20T17:00:43,6738,40500,2045,0,0,0,1090,0,5
2020-09-21T17:00:44,7828,40500,2050,1090,0,5,-1318,1600,4
2020-09-22T17:00:45,6510,42100,2054,-1318,1600,4,431,0,6
2020-09-23T17:00:46,6941,42100,2060,431,0,6,-110,500,1
2020-09-24T17:00:47,6831,42600,2061,-110,500,1,369,0,3
2020-09-25T17:00:48,7200,42600,2064,369,0,3,0,0,0
2020-09-26T17:00:49,7200,42600,2064,0,0,0,-100,100,0
2020-09-27T17:00:50,7100,42700,2064,-100,100,0,781,0,1
2020-09-28T17:00:51,7881,42700,2065,781,0,1,221,0,4
2020-09-29T17:00:52,8102,42700,2069,221,0,4,406,0,5
2020-09-30T17:00:53,8508,42700,2074,406,0,5,-2050,2600,0
